
========== MODE: blocks, THREADS: 8 ==========

140250195244800      [   0,   64)     0.000713
140250186852096      [  64,  128)     0.000710
140250178459392      [ 128,  192)     0.000625
140250170066688      [ 192,  256)     0.000696
140250161673984      [ 256,  320)     0.000632
140250153281280      [ 320,  384)     0.000953
140249875347200      [ 384,  448)     0.000731
140249866954496      [ 448,  512)     0.000608

TOTAL EXECUTION TIME: 0.001911 [s]


========== MODE: blocks, THREADS: 2 ==========

139622722574080      [   0,  256)     0.000453
139622714181376      [ 256,  512)     0.000435

TOTAL EXECUTION TIME: 0.000663 [s]

